22104148015
22104157017
22104157003
24156148041  
24152148020  
24156148023  
24156148012  
24156148045  
24156148040  
24156148044  
24152148012  
24156148018  
24156148033  
24152148009  
24156148014  
24156148032  
24156148026  
24156148010  
24152148023  
24152148024  
24156148046  
24152148004  
24156148027  
24152148026  
24156148009  
24156148047  
24156148002  
24156148028  
24156148042  
24156148043  
24152148007  
24152148021  
24152148010  
24156148036  
24152148003  
24156148021  
24156148017  
24156148005  
24156148011  
24156148015  
24156148037  
24156148038  
24152148014  
24156148031  
24156148048  
24156148050  
24152148011  
24152148019  
24156148020  
24156148025  
24156148024  
24156148019  
24156148001  
24156148008  
24156148035  
24152148025  
24156148006  
24152148016  
24156148007  
24152148013  
24156148029  
24152148008  
24156148030  
24156148034  
24156148003  
24156148022  
24152148006  
24156148049  
24152148027  
24152148005  
24152148022  
24156148004  
24156148013  
24152148017  
24152148002  
24156148039  
24152148028  
24152148001  
24156148016  
24152148015  
24156148022  
